50555042910
50557071642
50557166631
50557727071
50557835075
50557997981
50558189978
50558315221
50558440726
50558722851
50575045526
50575456251
50576162740
50576390266
50576427882
50576866215
50577552244
50577661866
50577886539
50577981389
50578260321
50578264580
50581626863
50582057048
50582235107
50582558042
50582723516
50583218528
50583229183
50583273755
50583515439
50583559398
50583665028
50583666685
50583697896
50583806424
50584069140
50584359654
50584418654
50584857947
50585097082
50585260220
50585424832
50585602052
50586122988
50586438989
50586639374
50586791886
50586796379
50587127240
50587773828
50587782836
50587955364
50588086663
50588113070
50588156039
50588357850
50589077526
50589395737
50589566412
50585345335
50587290041
50587360306
